01000
01010
01020
01030
01040
01049
01050
01060
01070
01080
01089
01090
01100
01109
01110
01120
01125
01130
01139
01140
01150
01160
01170
01180
01200
01210
01219
01220
01230
01239
01240
01250
01259
01260
01269
01270
01275
01276
01278
01279
01280
01285
01289
01290
01296
01298
01299
01310
01320
01330
01340
01376
01377
01389
01400
01407
01408
01410
01419
01420
01430
01450
01460
01470
01480
01490
01500
01509
01510
01520
01530
01538
01539
01540
01548
01549
01550
01560
01566
01569
01580
01588
01590
01600
01610
01618
01619
01620
01630
01640
01645
01650
01700
01708
01710
01720
01729
01730
01740
01750
01759
01760
01770
01780
01789
01790
01800
01807
01810
01820
01830
01840
01849
01857
01859
01860
01863
01870
01900
01904
02000
02010
02020
02040
02050
02060
02070
02080
02090
02099
02100
02120
02128
02129
02130
02140
02150
02160
02200
02230
02240
02250
02300
02310
02320
02330
02340
02360
02400
02410
02420
02440
02459
02460
02470
02480
02490
02500
02519
02520
02530
02600
02630
02640
02650
02660
02670
02680
02700
02710
02719
02720
02730
02750
02760
02770
02780
02790
02800
02810
02830
02840
02860
02870
02900
02910
02920
02930
02940
02950
02960
02970
02980
02990
03000
03010
03020
03023
03100
03103
03104
03200
03230
03240
03300
03303
03310
03320
03330
03340
03400
03410
03420
03430
03440
03500
03510
03520
03530
03540
03550
03560
03570
03580
03590
03600
03610
03620
03630
03640
03650
03660
03700
03710
03720
03730
03740
03800
03810
03820
03840
03900
03910
03920
03930
03940
04000
04010
04020
04030
04040
04100
04120
04200
04210
04230
04240
04250
04260
04300
04310
04318
04320
04330
04340
04360
04369
04370
04380
04390
04400
04410
04420
04440
04450
04460
04470
04480
04489
04490
04500
04510
04519
04530
04600
04610
04620
04630
04640
04650
04660
04700
04710
04730
04739
04800
04810
04815
04830
04840
04870
04890
04899
04909
04910
04918
04919
04920
04929
04930
04938
04939
04940
04950
04960
04970
04980
05000
05010
05020
05030
05039
05050
05100
05110
05118
05119
05120
05129
05200
05219
05220
05230
05240
05260
05269
05270
05280
05310
05320
05330
05348
05360
05370
05379
05400
05500
05520
05530
05600
05610
05700
05710
05730
05750
05760
05780
05810
06000
06010
06020
06030
06040
06050
06060
06070
06080
06090
06100
06140
06170
06200
06220
06240
06250
06270
06280
06300
06350
06400
06430
06450
06470
06500
06600
06700
06720
06760
06780
06800
06820
06840
06850
06860
06870
06880
06890
06900
06920
07000
07010
07020
07040
07050
07058
07060
07069
07070
07080
07089
07090
07100
07109
07110
07119
07130
07135
07140
07144
07145
07146
07149
07150
07155
07160
07164
07170
07180
07183
07187
07188
07189
07190
07199
07200
07207
07209
07210
07214
07220
07224
07230
07239
07240
07250
07255
07259
07268
07270
07279
07280
07290
07295
07300
07310
07320
07330
07340
07350
07359
07360
07363
07369
07370
07380
07400
07410
07420
07430
07440
07450
07455
07456
07460
07469
07470
07480
07500
07509
07510
07520
07530
07540
07550
07560
07570
07580
07600
07620
07630
07640
07650
07670
07680
07700
07707
07708
07720
07730
07739
07740
07750
07754
07755
07760
07770
07780
07790
07800
07810
07820
07830
07838
07839
07840
07850
07858
07859
07860
07869
07870
07880
07889
07890
07899
07900
07910
07918
07919
07920
07930
07939
07940
07950
07960
07969
07970
07979
07980
07990
08000
08010
08020
08030
08040
08100
08200
08210
08220
08230
08240
08300
08310
08320
08400
08420
08500
08510
08600
08610
08620
08650
08700
08710
08720
08730
08760
08770
08800
08810
08830
08840
08900
08910
08920
08930
09000
09010
09020
09030
09040
09060
09070
09080
09089
09090
09099
09100
09130
09140
09180
09200
09208
09209
09210
09220
09230
09239
09240
09250
09260
09270
09280
09290
09300
09310
09319
09320
09350
09359
09360
09400
09410
09420
09429
09430
09438
09440
09450
09460
09470
09479
09480
09500
09510
09520
09530
09550
09560
09570
09578
09600
09608
09609
09620
09630
09637
09638
09640
09648
09660
09670
09680
09689
09690
09696
09698
09700
09704
09705
09706
09708
09709
09710
09720
09730
09740
09750
09760
09769
09770
09780
09790
09800
09810
09819
09820
09828
09829
09830
09837
09838
09839
09840
09849
09850
09856
09858
09859
09860
09868
09870
09880
09890
09897
09900
09910
09920
09930
09940
09960
09969
09970
10000
10010
10020
10130
10200
10300
10320
10330
10340
10350
10360
10368
10369
10370
10378
10379
10380
10400
10500
10580
10600
10610
10620
10630
10640
10660
10700
10710
10800
10810
10820
10830
10840
10900
10910
10920
10926
11000
11040
11100
11200
11210
11220
11230
11240
11250
11260
11270
11280
11289
11290
11300
11310
11320
11330
11340
11350
11360
11370
11400
11410
11420
11430
11440
11450
11460
11470
11480
11489
11490
11500
11510
11520
11529
11530
11540
11550
11560
11580
11590
11600
11610
11619
11650
11700
11800
11810
11820
11830
11840
11850
11860
11870
11910
11920
11930
11950
12000
12003
12004
12005
12070
12080
12100
12110
12113
12114
12115
12116
12200
12205
12210
12220
12230
12240
12250
12252
12300
12303
12400
12410
12420
12910
12920
12930
12940
12950
13000
13010
13020
13030
13040
13050
13060
13063
13070
13080
13090
13093
13094
13099
13100
13110
13115
13116
13119
13120
13123
13129
13150
13180
13200
13209
13210
13219
13220
13229
13230
13250
13270
13273
13278
13280
13300
13310
13314
13315
13316
13317
13318
13319
13360
13363
13400
13410
13419
13420
13429
13430
13440
13450
13460
13463
13508
13509
13510
13520
13529
13530
13540
13545
13546
13549
13550
13600
13610
13625
13630
13640
13700
14000
14010
14020
14030
14039
14040
14049
14050
14060
14070
14080
14090
14100
14108
14110
14120
14140
14150
14160
14200
14208
14209
14210
14219
14220
14230
14239
14240
14248
14250
14260
14266
14267
14268
14269
14270
14273
14275
14276
14300
14308
14310
14320
14325
14326
14330
14340
14350
14357
14360
14370
14376
14377
14380
14386
14387
14388
14389
14390
14400
14406
14408
14409
14410
14420
14426
14427
14429
14430
14438
14439
14440
14449
14456
14460
14470
14475
14476
14479
14480
14490
14492
14493
14500
14520
14529
14550
14600
14608
14609
14610
14620
14629
14630
14640
14643
14646
14647
14650
14653
14654
14655
14657
14658
14659
14700
14710
14720
14730
14734
14735
14737
14738
14739
14740
14748
14749
14750
14760
14780
14790
14900
15000
15010
15020
15100
15200
15210
15220
15230
15240
15250
15260
15270
15280
15290
15300
15309
15310
15320
15330
15339
15340
15350
15370
15380
15390
15400
15410
15420
15430
15440
15450
15460
15470
15500
15510
15520
15530
15540
15600
15610
15620
15630
15640
15650
15660
15670
15680
15700
15710
15730
15740
15750
15800
15810
15820
15830
15840
15850
15860
15870
15900
15960
15970
15980
15990
16000
16010
16020
16029
16030
16034
16035
16036
16038
16040
16043
16050
16059
16060
16070
16080
16090
16093
16100
16106
16200
16210
16215
16216
16230
16246
16300
16310
16320
16340
16400
16410
16420
16428
16429
16430
16440
16443
16450
16457
16459
16500
16513
16514
16516
16517
16518
16520
16530
16533
16550
16555
16556
16600
16604
16605
16606
16607
16609
16610
16614
16615
16616
16617
16620
16629
16630
16640
16710
16720
16739
16740
16749
16750
16770
16776
16780
16797
16799
16800
16810
16813
16840
16850
16860
16880
16900
24000
24010
24014
24020
24022
24023
24024
24025
24026
24027
24028
24030
24035
24036
24037
24038
24039
24040
24044
24049
24050
24058
24060
24063
24069
24070
24073
24075
24080
24083
24084
24085
24086
24087
24088
24089
24090
24093
24094
24095
24096
24097
24098
24099
24410
24413
24414
24416
24451
24459
24460
24462
24464
24500
24517
24520
24532
24536
24562
24564
24570
24615
24622
24644
24645
24647
24658
24700
24703
24704
24705
24706
24810
24837
24935
24936
36594
36800
36803
36804
36810
36821
36822
36826
36830
36840
36844
36846
36848
36849
37674
37678
37693
37892
38000
38010
38013
38014
38015
38016
38017
38018
38019
38020
38024
38027
38028
38030
38033
38034
38035
38036
38037
38040
38046
38047
38048
38050
38057
38060
38063
38064
38065
38067
38068
38070
38078
38079
38080
38083
38084
38085
38086
38088
38090
38094
38095
38096
38097
38098
38099
38100
38104
38105
38106
38110
38113
38114
38115
38116
38117
38119
38120
38123
38124
38125
38126
38127
38130
38133
38134
38135
38136
38137
38140
38143
38144
38145
38146
38147
38150
38152
38153
38154
38155
38156
38157
38158
38159
42004
42014
42015
42020
42027
42030
42032
42036
42039
42040
42050
42056
42057
42060
42064
42070
42075
42078
42079
42080
42082
42083
42084
42086
42088
42090
42092
42094
42095
42110
42111
42113
42116
42117
42119
42180
42181
42182
42183
42184
42185
42186
42187
42188
42380
42500
42660
42700
42800
42803
42804
42805
42806
42807
42808
42809
42813
42814
42815
42816
42820
42823
42824
42826
42827
42830
42831
42832
42833
42834
42835
42836
42837
42838
42840
42842
42843
42844
42845
42846
42847
42848
42849
42852
42853
42854
42855
42860
42970
42975
42980
42990
42995
43300
43600
43604
43610
43612
43615
43623
43624
43625
43626
43627
43628
43629
43630
43632
43633
43640
43642
43645
43646
43648
43649
43650
43659
43660
43669
43670
43673
43679
43680
43684
43685
43688
43689
43690
43695
43696
43697
43698
43699
43700
43703
43705
43710
43740
43760
43826
43840
43880
43900
43930
43960
43994
43997
44100
44110
44130
44140
44150
44158
44160
44170
44180
44190
44200
44210
44214
44215
44216
44217
44218
44219
44220
44227
44230
44240
44246
44247
44249
44250
44257
44258
44259
44260
44265
44266
44267
44268
44270
44280
44290
44298
44299
44300
44306
44307
44320
44329
44330
44340
44350
44360
44370
44380
44390
44395
44398
44399
44400
44410
44419
44420
44430
44438
44440
44450
44460
44467
44469
44470
44490
44493
44500
44509
44510
44520
44530
44535
44538
44540
44549
44550
44559
44560
44580
44600
44610
44619
44620
44630
44635
44647
44648
44650
44656
44657
44658
44660
44665
44667
44668
44670
44678
44679
44680
44689
44690
44700
44710
44716
44719
44720
44723
44724
44725
44726
44727
44729
44730
44737
44739
44740
44748
44750
44755
44757
44760
44765
44766
44768
44769
44770
44780
44790
44799
44800
44810
44815
44817
44818
44820
44824
44825
44827
44828
44829
44840
44860
44870
44879
44890
44895
44896
44897
44898
44899
44900
44910
44918
44919
44920
44929
44930
44940
44948
44949
44950
44956
44959
44960
44966
44967
44969
44970
44977
44978
44980
44984
44985
44986
44987
44989
44990
45010
45012
45014
45015
45016
45017
45018
45019
45020
45027
45030
45034
45035
45036
45037
45038
45039
45040
45047
45049
45050
45053
45054
45055
45056
45057
45058
45059
45060
45065
45066
45067
45068
45069
45070
45076
45077
45078
45079
45080
45085
45086
45087
45088
45089
45100
45110
45116
45117
45118
45119
45120
45128
45129
45130
45133
45134
45135
45136
45138
45140
45145
45146
45147
45148
45149
45150
45157
45158
45159
45160
45167
45168
45169
45170
45176
45177
45178
45179
45180
45184
45185
45186
45187
45188
45189
45190
45198
45199
45200
45205
45220
45221
45222
45226
45230
45234
45235
45236
45237
45238
45239
45242
45245
45400
45402
45403
45404
45405
45406
45407
45408
45410
45412
45413
45415
45417
45418
45420
45422
45424
45425
45426
45427
45428
45429
45500
45509
45510
45519
45520
45525
45527
45528
45530
45535
45540
45550
45559
45560
45567
45570
45579
45580
45588
45589
45590
45593
45594
45595
45596
45597
45598
45599
45600
45601
45602
45604
45605
45606
45607
45608
45609
45610
45613
45615
45618
45619
45620
45623
45625
45626
45627
45628
45629
45630
45638
45640
45641
45643
45644
45645
45646
45647
45650
45653
45654
45655
45656
45659
45660
45663
45664
45665
45667
45670
45672
45675
45676
45677
45678
45679
48264
48276
48280
48284
48290
48291
48294
48295
48296
48298
48300
48304
48310
48312
48313
48314
48315
48317
48318
48320
48325
48327
48328
48330
48333
48334
48335
48338
48339
48340
48343
48344
48350
48353
48360
48370
48373
48380
48389
48399
50000
50010
50016
50017
50018
50019
50020
50026
50039
50040
50050
50060
50069
50070
50071
50075
50076
50080
50090
50100
50103
50110
50115
50120
50122
50123
50130
50140
50150
50160
50168
50170
50180
50190
50200
50203
50205
50206
50209
50210
50214
50220
50223
50225
50226
50227
50228
50230
50233
50235
50236
50240
50245
50246
50250
50253
50254
50256
50257
50258
50260
50263
50264
50265
50266
50270
50273
50274
50280
50283
50284
50285
50286
50290
50293
50294
50295
52000
52004
52005
52006
52010
52013
52015
52016
52020
52030
52033
52040
52043
52044
52045
52046
52047
52050
52054
52055
52059
52100
52104
52105
52106
52107
52110
52120
52140
52143
52144
52145
52146
52147
52148
52149
52150
52154
52155
52156
52157
52158
52159
52160
52161
52163
52164
52165
52166
52167
52168
52169
52170
52172
52175
52176
52177
52178
52179
52500
52503
52504
52505
52506
52760
52763
52764
52765
52766
52767
52768
52769
52770
52773
52774
52775
52776
52777
52778
52779
52780
52783
52784
52785
52786
52787
52788
52789
52790
52793
52794
52795
52796
52797
52798
52799
52900
52909
52910
52915
52916
52918
52919
52920
52923
52924
52925
52926
52927
52928
52929
52930
52934
52936
52937
52938
52939
52940
52945
52946
52947
52948
52949
52950
52953
52956
52957
52958
52959
52960
52965
52966
52967
52968
52970
52975
52976
52977
52978
52979
52980
52985
52986
52987
52988
52989
52990
52994
52995
52996
52997
52998
53000
53010
53030
53040
53050
53060
53070
53100
53110
53115
53116
53117
53119
53120
53124
53125
53126
53127
53128
53129
53130
53138
53140
53150
53160
53170
53177
53178
53179
53200
53215
53216
53217
53218
53219
53220
53224
53227
53228
53229
53230
53237
53239
53240
53247
53248
53250
53260
53270
53278
53279
53280
53283
53290
53296
53297
53298
53300
53309
53310
53320
53329
53330
53338
53339
53340
53348
53350
53370
53378
53390
53398
53400
53410
53420
53425
53426
53427
53428
53430
53440
53450
53458
53459
53460
53470
53489
53490
53500
53519
53520
53529
53530
53533
53550
53560
53569
53570
53580
53598
53640
53650
53653
53654
53655
53658
53659
53660
53664
53670
53680
53687
53688
53689
53690
53694
53695
53696
53697
53698
53700
53708
53710
53713
53714
53716
53717
53718
53719
53730
53760
53770
53780
53787
53788
53790
53798
53799
53800
53809
53810
53819
53820
53830
53839
53840
53900
53909
53910
53930
53940
53950
53960
53970
54000
54009
54010
54015
54016
54017
54020
54021
54022
54023
54025
54026
54028
54030
54033
54037
54038
54040
54049
54050
54054
54055
54057
54059
54060
54063
54067
54068
54069
54070
54073
54075
54076
54080
54090
54092
54093
54094
54098
54100
54108
54109
54110
54118
54119
54120
54124
54126
54127
54128
54130
54134
54135
54136
54140
54142
54143
54145
54146
54147
54149
54150
54152
54158
54160
54162
54168
54170
54172
54173
54180
54187
54189
54190
54193
54195
54196
54197
54198
54400
54402
54405
54407
54408
54409
54410
54413
54414
54416
54417
54420
54424
54425
54426
54430
54434
54435
54439
54440
54448
54449
54455
54457
54459
54460
54463
54464
54466
54467
54469
54470
54473
54474
54475
54476
54477
54539
54600
54602
54603
54604
54605
54607
54608
54610
54614
54615
54616
54640
54645
54650
54655
54656
54657
54658
54680
54683
54684
54685
54686
54687
54693
54696
54700
54710
54712
54713
54714
54715
54716
54719
54720
54725
54729
54730
54740
54743
54744
54745
54750
54753
54759
54760
54763
54764
54765
54766
54767
54769
54800
54803
54804
54805
54807
54830
54831
54834
54835
54836
54840
54850
54855
54857
54858
54860
54870
54875
54877
54878
54879
54880
54882
54883
54884
54890
54893
54894
54900
54910
54913
54914
54915
54916
54918
54920
54924
54925
54926
54927
54929
54930
54932
54933
54934
54935
54938
54939
54940
54942
54943
54944
54945
54946
54948
54949
54950
54954
54955
54957
54958
54959
55000
55010
55014
55016
55017
55018
55020
55023
55024
55025
55027
55028
55029
55030
55036
55037
55038
55039
55040
55044
55050
55055
55056
55057
55059
55060
55063
55064
55065
55066
55067
55068
55069
55070
55074
55075
55076
55080
55084
55085
55087
55090
55094
55095
55100
55104
55105
55107
55114
55115
55117
55118
55119
55120
55125
55126
55127
55128
55129
55130
55135
55137
55138
55139
55140
55146
55147
55148
55149
55158
55170
55176
55180
55187
55188
55189
55190
55200
55210
55218
55220
55230
55234
55235
55236
55237
55238
55240
55242
55243
55244
55245
55246
55247
55248
55249
55260
55264
55266
55267
55268
55269
55270
55280
55284
55287
55288
55289
55290
55294
55295
55296
55297
55298
55299
55300
55308
55310
55316
55317
55320
55330
55338
55339
55340
55347
55348
55349
55360
55369
55390
55400
55404
55405
55407
55410
55414
55415
55416
55417
55418
55419
55420
55425
55429
55430
55450
55458
55459
55490
55498
55500
55506
55507
55508
55509
55510
55515
55516
55517
55518
55519
55520
55530
55540
55547
55548
55549
55600
55603
55604
55605
55606
55607
55609
55610
55613
55614
55615
55616
55619
55620
55628
55629
55630
55634
55635
55636
55637
55640
55643
55644
55700
55705
55707
55708
55709
55710
55712
55713
55714
55715
55716
55717
55718
55719
55720
55726
55728
55729
55730
55736
55737
55738
55739
55740
55743
55744
55745
55746
55747
55748
55749
55750
55752
55754
55755
55757
55758
55760
55763
55764
55765
55766
55767
55768
55769
55770
55773
55776
55778
56100
56103
56105
56106
56110
56120
56130
56140
56150
56160
56170
56200
56203
56204
56205
56207
56208
56210
56213
56214
56215
56216
56217
56220
56223
56224
56225
56226
56227
56228
56229
56230
56233
56235
56236
56237
56240
56242
56243
56244
56245
56246
56247
56249
56250
56253
56254
56255
56256
56257
56260
56263
56264
56265
56266
56267
56268
56330
56333
56334
56335
56337
56338
56340
56343
56344
56346
56350
56353
56356
56360
56363
56366
56370
56373
56375
56376
56377
56380
56383
56384
56386
56387
56390
56394
56395
56396
56397
56400
56410
56420
56428
56429
56430
56440
56490
56495
56500
56505
56507
56508
56509
56510
56512
56513
56514
56515
56516
56520
56524
56525
56526
56527
56528
56529
56530
56535
56536
56537
56538
56539
56540
56550
56553
56555
56556
56558
56560
56563
56564
56565
56566
56567
56568
56569
56570
56576
56577
56579
56580
56585
56586
56588
56589
56590
56599
56600
56604
56605
56606
56607
56608
56609
56610
56612
56613
56614
56615
56616
56617
56618
56619
56620
56623
56624
56625
56626
56627
56640
56641
56642
56643
56644
56646
56647
57000
57100
57103
57120
57129
57130
57138
57139
57140
57150
57158
57170
57171
57178
57179
57180
57185
57188
57189
57200
57205
57210
57300
57310
57400
57410
57420
57425
57430
57440
57450
57460
57465
57500
57510
57520
57530
57600
57610
57620
57630
57700
57708
57709
57710
57718
57719
57720
57730
57739
57740
57750
57760
57800
57809
57810
57819
57820
57830
57840
57849
57900
57910
57920
57930
57940
57950
62000
62008
62009
62010
62017
62018
62019
62020
62028
62029
62030
62037
62038
62039
62040
62050
62057
62059
62060
62070
62076
62080
62083
62084
62100
62103
62115
62116
62117
62120
62123
62130
62133
62136
62137
62139
62140
62143
62144
62145
62150
62153
62154
62156
62157
62159
62160
62163
62164
62165
62166
62170
62173
62175
62179
62180
62190
62193
62200
62203
62204
62205
62209
62210
62214
62215
62217
62218
62219
62220
62226
62227
62228
62229
62230
62233
62237
62239
62240
62243
62245
62247
62248
62249
62250
62253
62260
62269
62270
62280
62283
62284
62285
62290
62293
62294
62295
62296
62300
62303
62304
62305
62306
62309
62320
62323
62324
62325
62326
62328
62329
62330
62334
62335
62340
62343
62345
62350
62360
62363
62370
62373
62374
62375
62376
62380
62382
62384
62385
62387
62388
62389
62390
62398
62399
62400
62409
62410
62420
62428
62430
62433
62440
62445
62446
62447
62448
62450
62460
62466
62469
62470
62473
62474
62475
62480
62490
62493
62494
62496
62497
62498
62499
62507
62508
62520
62523
62524
62525
62526
62527
62528
62529
62550
62553
62554
62555
62556
62560
62563
62564
62565
62566
62570
62573
62574
62575
62576
62577
62578
62593
62740
62742
62743
62744
62746
62747
62748
62754
62755
62756
62757
62768
62780
63000
63009
63010
63018
63019
63020
63021
63022
63023
63030
63035
63037
63038
63039
63040
63050
63058
63059
63060
63061
63062
63066
63067
63068
63069
63070
63080
63081
63082
63083
63084
63088
63089
63100
63109
63110
63114
63115
63116
63117
63119
63120
63128
63129
63130
63135
63136
63137
63138
63139
63147
63149
63150
63155
63156
63157
63158
63159
63160
63163
63164
63165
63166
63167
63168
63169
63170
63172
63173
63174
63175
63176
63177
63178
63179
63180
63183
63184
63185
63186
63189
63190
63193
63194
63195
63196
63197
63198
63199
63500
63502
63504
63505
63510
63511
63513
63516
64000
64004
64007
64009
64010
64018
64019
64020
64030
64040
64049
64050
64060
64070
64100
64102
64103
64104
64105
64106
64107
64108
64109
64110
64116
64117
64118
64119
64120
64130
64140
64145
64148
64150
64157
64158
64159
64160
64165
64167
64168
64170
64178
64180
64186
64190
64200
64204
64205
64206
64208
64209
64210
64215
64216
64217
64218
64219
64220
64225
64226
64227
64228
64229
64230
64233
64234
64235
64236
64237
64238
64240
64244
64245
64246
64247
64248
64249
64250
64258
64259
64260
64264
64265
64266
64268
64269
64270
64280
64290
64299
64300
64310
64320
64330
64339
64340
64344
64345
64346
64347
64348
64349
64350
64360
64365
64366
64367
64368
64369
64370
64380
64390
64400
64410
64420
64429
64430
64440
64442
64450
64460
64470
64480
64488
64489
64490
64500
64508
64510
64517
64520
64530
64536
64540
64549
64550
64560
64568
64570
64571
64580
64590
64600
64610
64617
64618
64619
64620
64623
64630
64632
64633
64634
64635
64636
64637
64638
64639
64640
64649
64650
64659
64660
64700
64710
64715
64718
64720
64723
64730
64740
64750
64753
64754
64760
64764
64765
64769
64770
64780
64783
64788
64790
64798
64800
64810
64820
64830
64833
64834
64836
64840
64844
64845
64846
64849
64850
64858
64859
64860
64865
64878
64880
64890
64893
64898
64899
64900
64909
64910
64920
64925
64926
64930
64940
64949
64950
64960
64968
64969
64970
64978
64979
64980
64983
64984
64985
64986
64987
64988
64989
64990
64996
64997
66012
66013
66018
66026
66034
66035
66036
66086
66087
66100
66110
66114
66115
66116
66117
66118
66119
66120
66129
66139
66140
66145
66147
66149
66150
66160
66165
66166
66167
66168
66169
66170
66179
66180
66187
66188
66189
66190
66195
66196
66197
66198
66199
66200
66210
66213
66214
66215
66216
66217
66218
66219
66220
66224
66225
66226
66227
66228
66230
66233
66235
66236
66237
66238
66239
66240
66244
66245
66246
66247
66249
66250
66254
66256
66257
66259
66260
66263
66265
66266
66267
66268
66270
66273
66274
66275
66276
66277
66278
66279
66280
66284
66285
66286
66287
66290
66295
66296
66297
66350
66353
66354
66356
66357
66358
66359
66360
66362
66363
66364
66365
66366
66367
66368
66369
66370
66373
66374
66375
66376
66377
66378
66380
66383
66384
66385
66386
66390
66400
66410
66412
66413
66414
66415
66417
66418
66420
66422
66423
66424
66425
66427
66428
66430
66434
66435
66436
66437
66438
66440
66444
66445
66446
66447
66448
66449
66450
66452
66455
66456
66457
66458
66459
66460
66463
66464
66465
66466
66468
66469
66470
66473
66475
66476
66477
66478
66479
66480
66482
66484
66485
66486
66488
66489
66490
66493
66494
66495
66496
66499
66623
66626
66627
66643
67100
67102
67110
67112
67113
67115
67116
67117
67118
67119
67120
67123
67124
67125
67126
67128
67129
67130
67132
67133
67134
67140
67144
67150
67153
67154
67155
67160
67163
67164
67165
67166
67167
67168
67169
67170
67173
67174
67175
67176
67177
67178
67179
67180
67182
67183
67184
67185
67186
67188
67189
67190
67192
67193
67194
67195
67196
67197
67198
67199
67200
67202
67203
67204
67205
67258
67293
67294
67295
67297
67500
67510
67512
67515
67520
67528
67530
67535
67540
67541
67543
67544
67560
67570
67580
67587
67588
67589
67590
67599
68000
68008
68009
68010
68013
68016
68020
68023
68024
68025
68026
68027
68028
68030
68033
68034
68039
68040
68043
68044
68045
68050
68060
68067
68068
68070
68075
68080
68083
68088
68089
68090
68100
68103
68104
68110
68115
68120
68125
68126
68127
68128
68130
68133
68140
68143
68144
68146
68148
68149
68150
68153
68154
68155
68156
68157
68159
68200
68213
68220
68274
68275
68276
68277
68278
68280
68283
68284
70424
70430
71200
71230
71242
71243
71260
71265
71270
71294
71295
71310
71313
71317
71403
71510
72000
72010
72013
72014
72015
72016
72017
72019
72020
72023
72029
72030
72040
72044
72045
72050
72060
72062
72070
72072
72080
72089
72090
72094
72100
72103
72104
72105
72106
72108
72110
72114
72115
72116
72120
72124
72127
72130
72135
72140
72150
72154
72160
72170
72176
72180
72189
72190
72193
72194
72197
72200
72210
72219
72220
72223
72225
72227
72228
72229
72230
72240
72243
72250
72260
72266
72267
72270
72280
72290
72300
72303
72304
72307
72308
72309
72310
72314
72320
72330
72340
72350
72353
72359
72360
72364
72365
72370
72373
72377
72380
72390
72400
72403
72410
72420
72423
72424
72425
72430
72440
72450
72453
72456
72459
72460
72464
72468
72470
72474
72477
72478
72480
72482
72483
72484
72490
72492
72493
72494
72495
72496
72497
72498
72499
72500
72501
72503
72504
72505
72510
72520
72523
72530
72532
72533
72534
72538
72540
72543
72550
72560
72564
72565
72567
72570
72573
72574
72575
72580
72582
72583
72584
72587
72589
72590
72592
72593
72594
72595
72596
72597
72599
72620
72670
72680
72683
72685
72700
72702
72703
72704
72705
72706
72707
72708
72710
72712
72713
72720
72723
72724
72725
72730
72733
72735
72750
72753
72754
72755
72756
72757
72760
72762
72764
72765
72766
72767
72768
72770
72772
72774
72775
72776
72777
72778
72788
72803
72805
72810
72813
72814
72815
72817
72819
72820
72823
72824
72825
72826
72828
72830
72833
72834
72835
72836
72837
72840
72843
72845
72846
72848
72900
72943
72960
72963
72967
72968
72970
72971
72973
72975
72977
72978
73800
73803
73811
73815
73816
73820
73830
73831
73840
73841
73850
73860
73870
73880
73881
73885
73886
73887
73890
73895
73899
73960
73965
73966
73967
73968
74000
74010
74013
74020
74021
74030
74031
74040
74041
74042
74050
74053
74058
74059
74060
74064
74068
74069
74070
74074
74078
74079
74080
74088
74089
74090
74100
74110
74120
74122
74125
74126
74129
74160
74169
74200
74210
74215
74218
74220
74227
74230
74239
74240
74250
74260
74270
74280
74290
74293
74294
74295
74360
74363
74365
74367
74368
74369
74410
74420
74440
74443
74460
74470
74480
74540
74570
75110
75240
76000
76005
76010
76017
76020
76024
76025
76026
76027
76028
76030
76036
76037
76040
76046
76047
76048
76049
76050
76057
76058
76059
76060
76063
76067
76069
76070
76074
76078
76079
76080
76085
76086
76087
76090
76093
76099
76100
76110
76113
76114
76115
76116
76117
76118
76120
76121
76125
76127
76130
76134
76135
76136
76137
76138
76139
76140
76144
76146
76147
76148
76149
76150
76154
76155
76156
76157
76158
76159
76160
76164
76165
76166
76168
76169
76170
76175
76176
76177
76178
76179
76180
76185
76186
76190
76197
76199
76210
76211
76212
76213
76214
76215
76216
76217
76218
76219
76220
76221
76223
76224
76225
76226
76227
76228
76229
76230
76233
76234
76235
76237
76238
76240
76244
76245
76246
76247
76248
76249
76250
76255
76256
76262
76263
76265
76269
76800
76803
76804
76805
76806
76807
76810
76812
76813
76814
76815
76816
76820
76821
76824
76826
76827
76829
76830
76833
76835
76837
76838
76840
76842
76843
76845
76900
76902
76903
76904
76905
76906
76907
76908
76910
76912
76915
76920
76922
76923
76928
76950
76953
76955
76956
76960
76963
76964
76965
76973
76974
76975
76976
76985
76990
76993
76994
76995
80000
80010
80013
80014
80015
80016
80017
80018
80019
80020
80024
80025
80026
80027
80028
80029
80030
80034
80040
80050
80054
80055
80058
80059
80060
80063
80064
80065
80070
80080
80088
80090
80093
80100
80101
80103
80104
80105
80106
80107
80109
80110
80120
80128
80129
80130
80135
80139
80140
80143
80144
80145
80150
80155
80159
80160
80170
80176
80177
80178
80179
80180
80184
80189
80190
80194
80197
80199
80200
80210
80220
80225
80227
80228
80230
80240
80246
80247
80248
80249
80250
80260
80270
80279
80280
80290
80294
80295
80296
80297
80298
80299
80300
80301
80302
80303
80304
80305
80308
80309
80310
80311
80313
80314
80315
80316
80317
80318
80319
80380
80383
80384
80385
80386
80387
80390
80391
80393
80394
80396
80397
80398
80399
80400
80402
80403
80405
80408
80409
80410
80411
80415
80416
80417
80419
80420
80430
80433
80434
80435
80439
80440
80441
80442
80443
80444
80447
80449
80450
80451
80452
80453
80454
80455
80457
80460
80463
80464
80465
80466
80467
80468
80470
80475
80480
80481
80483
80484
80485
80489
80490
80491
80492
80493
80496
80498
86000
86010
86017
86018
86019
86020
86025
86026
86027
86029
86030
86035
86037
86038
86039
86040
86049
86050
86059
86060
86067
86068
86069
86070
86079
86080
86087
86090
86095
86096
86097
86098
86099
86100
86107
86108
86109
86120
86125
86126
86127
86129
86130
86137
86140
86143
86144
86149
86150
86153
86160
86167
86168
86169
86170
86179
86180
86189
86190
86193
86200
86208
86209
86216
86220
86230
86233
86235
86237
86240
86245
86246
86247
86250
86254
86257
86258
86270
86274
86275
86276
86280
86281
86283
86284
86287
86288
86289
86290
86293
86294
86300
86320
86323
86324
86325
86330
86340
86350
86357
86360
86369
86370
86380
86388
86389
86400
86402
86403
86410
86414
86415
86418
86420
86427
86428
86432
86433
86434
86440
86460
86461
86465
86466
86473
86475
86476
86478
86480
86483
86484
86485
86486
86490
86493
86495
86500
86520
86523
86524
86527
86528
86529
86530
86533
86534
86535
86540
86544
86545
86550
86553
86554
86555
86556
86560
86564
86570
86573
86574
86576
86584
86596
86597
86598
86599
86600
86605
86606
86607
86608
86609
86610
86613
86615
86617
86620
86640
86645
86655
86658
86670
86680
86687
86690
86692
86694
86695
86696
86697
86698
86700
86705
86706
86707
86708
86709
86710
86711
86715
86720
86725
86726
86730
86736
86739
86746
86747
86748
86800
86801
86802
86803
86808
86830
86837
86850
86853
86854
86870
86875
86878
86882
86884
86890
86892
86894
86895
86896
90000
90005
90006
90010
90013
90014
90019
90020
90030
90040
90050
90060
90062
90080
90090
90099
90100
90102
90105
90110
90111
90112
90114
90115
90117
90118
90300
90319
90320
90323
90329
90330
90337
90338
90339
90340
90341
90342
90347
90350
90354
90355
90356
90357
90358
90360
90370
90378
90380
90401
90402
90404
90406
90407
90600
90605
90606
90608
90610
90620
90623
90624
90640
90644
90645
90646
90680
90692
90800
90802
90803
90804
90805
90806
90807
91000
91008
91009
91010
91013
91014
91015
91016
91017
91018
91020
91023
91024
91025
91026
91027
91028
91030
91033
91037
91040
91045
91046
91047
91048
91049
91050
91053
91054
91055
91056
91057
91060
91063
91064
91065
91066
91067
91069
91070
91073
91075
91080
91083
91084
91090
91093
91094
91095
91096
91097
91098
91100
91103
91104
91105
91106
91107
91110
91113
91114
91119
91120
91123
91129
91130
91133
91140
91143
91150
91152
91153
91154
91155
91156
91157
91158
91160
91163
91164
91165
91166
91170
91173
91174
91179
91180
91183
91184
91185
91186
91190
91191
91193
91194
91195
91196
91197
91198
91200
91203
91205
91207
91210
91213
91214
91215
91216
91217
91220
91223
91224
91225
91226
91227
91330
91615
91640
91680
91690
91697
91700
91708
91709
91710
91712
91713
91714
91715
91716
91717
91718
91720
91725
91726
91727
91728
91729
91730
91739
91740
91749
91750
91755
91756
91757
91758
91759
91760
91769
91770
91775
91777
91778
91779
91780
91788
91789
91790
91799
91800
91808
91809
91810
91817
91820
91826
91829
91840
91841
91850
91855
91859
91860
91870
91880
91890
91891
91897
91898
91899
91900
91910
91916
91917
91918
91919
91920
91928
91930
91936
91938
91940
91947
91948
91960
91963
91965
91966
91968
91969
94100
94106
94285
94286
94290
94293
94294
94295
94296
94297
94298
94299
94300
94303
94310
94311
94314
94315
94316
94320
94324
94326
94327
94328
94329
94330
94333
94334
94335
94337
94339
94340
94344
94345
94346
94347
94349
94350
94353
94360
94363
94364
94370
94380
94384
94389
94390
94393
94394
94399
94400
94470
94472
94473
94474
94475
94476
94480
94484
94485
94486
94488
94494
94497
94500
94510
94513
94515
94516
94518
94519
94520
94530
94533
94534
94540
94542
94543
94544
94545
94546
94547
94549
94550
94553
94555
94556
94557
94558
94559
94560
94570
94575
94577
94580
94587
94588
94589
94590
94600
94610
94613
94620
94630
94635
94640
94643
94649
94650
94656
94657
94660
94670
94677
94678
94679
94680
94687
94688
94689
94690
94693
94696
94699
94732
94740
94915
95263
95264
95460
96330
96343
96344
96346
96348
96349
96350
96365
96380
96384
96387
96400
96410
96420
96430
96440
96458
96460
96470
96480
96490
96492
96495
96496
96497
96499
96500
96510
96518
96519
96520
96523
96529
96530
96535
96536
96537
96538
96539
96540
96550
96556
96557
96558
96559
96560
96564
96565
96566
96567
96568
96569
96570
96575
96576
96577
96578
96579
96580
96588
96590
96598
96599
96700
96710
96716
96717
96719
96720
96728
96729
96730
96734
96735
96736
96737
96739
96740
96750
96757
96760
96770
96773
96780
96790
96798
96799
96840
96848
96849
96850
96858
96860
96870
96873
96879
96880
96890
96903
96904
